i1vals=[0.229925,0.396275,0.263025,0.4802,0.398475,0.355975,0.4619]
i2vals=[0.197225,0.25295,0.2444,0.348425,0.321,0.315725,0.360575]
